Genre_Name
31638
15495
15046
11869
10520
8251
8246
7805
7702
7665
7307
6902
6452
6383
6030
5836
5374
5226
4587
4248
4227
3685
3675
3624
3474
3458
3389
3358
3302
3196
3153
3094
2912
2905
2795
2761
2753
2613
2522
2471
2449
2419
2306
2297
2296
2026
1959
1957
1947
1894
1820
1794
1764
1723
1706
1704
1692
1677
1610
1595
1589
1486
1474
1462
1405
1342
1316
1298
1297
1279
1271
1164
1154
1150
1085
1075
1015
951
937
934
934
921
911
897
872
866
859
835
814
798
791
779
775
771
758
757
756
753
749
732
731
715
709
705
695
693
682
682
679
679
678
671
663
657
652
652
651
645
627
626
626
611
610
591
590
588
581
578
571
567
563
561
555
552
544
543
538
537
533
532
528
528
522
513
507
494
480
460
453
448
444
443
443
436
429
414
411
407
406
396
391
388
387
381
376
375
365
362
360
359
358
357
353
353
347
337
335
333
329
328
326
325
325
314
314
305
302
299
296
293
291
289
287
285
283
282
281
281
280
280
274
269
267
266
262
262
261
255
253
250
249
246
242
240
240
239
239
236
234
229
226
218
218
216
214
212
211
210
205
204
203
198
194
189
189
185
184
183
183
181
180
177
176
176
175
174
174
171
163
162
161
160
160
157
155
155
154
154
153
151
151
149
147
147
147
146
146
146
145
144
144
143
141
141
140
139
138
135
133
133
132
132
131
130
130
129
127
123
123
122
120
120
120
118
118
117
117
117
117
115
115
115
114
113
113
113
113
112
112
111
111
111
111
110
110
108
106
105
105
104
103
103
103
102
101
100
97
96
95
95
94
94
94
93
91
91
91
90
90
90
89
88
87
87
86
86
86
85
85
84
84
84
83
83
82
80
79
79
78
78
77
76
76
76
75
75
74
74
74
73
73
73
73
73
73
72
72
72
71
70
68
67
67
67
66
66
66
66
66
65
64
63
63
63
62
62
62
59
59
58
58
57
57
57
56
56
56
56
55
55
55
55
55
54
54
53
52
52
52
52
51
51
51
50
50
50
50
49
49
49
49
48
48
48
47
47
47
47
47
47
47
46
46
46
45
45
45
45
44
44
44
44
44
43
43
42
42
42
42
42
42
41
41
41
40
40
40
39
39
39
39
39
38
38
38
38
38
37
37
37
37
37
36
36
36
36
35
35
35
35
35
34
34
34
34
33
33
33
33
33
33
32
32
32
32
32
32
32
32
32
32
31
31
31
31
30
30
29
29
29
29
29
29
28
28
28
28
28
27
27
27
27
27
27
26
26
26
26
26
26
26
26
26
25
25
25
24
24
24
24
24
24
24
24
24
24
24
24
23
23
22
22
22
22
22
22
21
21
21
21
21
21
21
20
20
20
20
20
20
20
20
20
20
20
19
19
19
19
19
19
19
18
18
18
18
17
17
17
17
17
17
17
16
16
16
16
15
15
15
15
15
15
15
14
14
14
14
14
14
14
14
13
13
13
13
13
13
13
12
12
12
12
12
12
12
12
12
11
11
11
11
11
11
11
11
11
11
11
11
11
10
10
10
10
10
10
10
10
10
10
10
10
10
10
10
9
9
9
9
9
9
9
9
9
9
9
9
8
8
8
8
8
8
8
8
8
8
8
8
8
8
8
8
8
8
8
8
7
7
7
7
7
7
7
7
7
7
7
7
7
7
7
7
7
7
7
7
7
6
6
6
6
6
6
6
6
6
6
6
6
6
6
6
6
6
6
6
6
6
6
6
5
5
5
5
5
5
5
5
5
5
5
5
5
5
5
5
5
5
5
5
5
5
5
5
5
4
4
4
4
4
4
4
4
4
4
4
4
4
4
4
4
4
4
4
4
4
4
4
3
3
3
3
3
3
3
3
3
3
3
3
3
3
3
3
3
3
3
3
3
3
3
3
3
3
3
3
3
3
3
3
3
3
3
3
3
3
3
3
3
3
3
3
3
3
3
3
3
3
2
2
2
2
2
2
2
2
2
2
2
2
2
2
2
2
2
2
2
2
2
2
2
2
2
2
2
2
2
2
2
2
2
2
2
2
2
2
2
2
2
2
2
2
2
2
2
2
2
2
2
2
2
2
2
2
1
1
1
1
1
1
1
1
1
1
1
1
1
1
1
1
1
1
1
1
1
1
1
1
1
1
1
1
1
1
1
1
1
1
1
1
1
1
1
1
1
1
1
1
1
1
1
1
1
1
1
1
1
1
1
1
1
1
1
1
1
1
1
1
1
1
1
1
1
1
1
1
1
1
1
1
1
1
1
1
1
1
1
1
1
1
1
